9566 9272 494 4382 1916 9290 4098 1506 6749 2660 1009 6717 2929 27 4194 7517 6811 5367 2557 6233 4702 3525 1834 732 7921 3571 6092 4452 3143 738 4951 3515 8690 5751 3569 5725 5620 6869 9593 863 7161 6682 4958 7437 5812 5731 7253 1947 474 8078 7 5118 1941 4716 7812 3991 7280 7104 3567 1508 6240 9 9804 897 8883 6636 5236 904 1524 2976 4957 6495 2233 684 4076 1723 2818 5801 6038 8155 2526 4783 5875 489 6635 7428 8724 9391 9027 7287 1003 2861 8498 709 3258 4908 2838 6854 9624 511 2104 
679 856 967 2885 5232 7124 5525 9552 7981 5663 6527 5133 5715 1743 9880 2094 8387 2044 9668 5923 3710 1954 4927 5467 609 1903 3265 3433 5385 9892 1655 9930 3156 6288 1495 8111 5319 558 8140 4974 4270 830 200 288 331 1338 4565 6201 2442 1453 4153 7577 8184 8910 7653 9983 3705 530 107 5306 5123 2462 3665 2972 4147 4037 4518 8728 5859 1376 6167 1597 7579 6218 4899 1503 7056 1671 4238 4165 8041 8084 6975 4600 9473 5987 3961 8090 1873 4102 1466 55 3978 2067 3385 2232 6924 9488 3921 4637 
3099 4648 6013 3769 8900 875 4867 244 2805 293 4314 9502 6097 3315 2133 4502 8552 884 2151 6625 354 2687 9932 2409 274 5272 9559 7388 3631 5292 6556 7136 8262 4253 4620 8978 7989 9050 3599 4590 2956 7734 9809 9909 326 1085 7259 2649 2433 3825 4467 1952 7336 9076 7491 5536 2244 8071 2384 1159 4286 5325 245 9366 2764 8079 1971 531 3860 4579 1737 4233 1642 3633 9950 632 4246 2814 1768 8347 5159 8808 4185 4602 6459 3278 2520 1957 3073 9935 1732 1853 2037 2787 527 4029 3655 8479 8555 2436 
1398 1909 1283 3358 7016 1526 2909 8355 422 6427 6987 4210 6117 7961 7598 7402 3835 8260 4229 9143 6381 2671 5376 9253 2338 2265 7707 5470 6418 6110 693 3219 9997 8538 7063 2736 3869 4763 8547 7355 5059 6019 1174 4061 9519 2341 2688 6466 2036 5341 9509 3759 9898 1514 1644 4559 2542 6810 3105 2411 2471 7263 8579 8600 4975 205 4512 867 6451 2628 2079 671 1693 5198 5966 2790 5209 7695 5038 7363 2203 599 5944 1222 9550 3492 543 7061 3947 3269 8947 9396 6773 1136 470 7516 158 5543 6332 9855 
5339 9810 272 5119 6927 3 2256 4968 2148 9850 2099 8375 5955 4731 5708 4179 1233 7392 8812 3865 8060 2387 992 3538 5430 7357 3909 521 3667 5477 3687 748 2725 4024 1157 1226 8907 6224 4912 1565 1329 3785 5349 3826 6316 5297 2379 4752 1377 9835 936 6467 4881 4269 5344 3812 9268 8207 8994 137 6614 2483 7172 33 734 4595 1213 878 3999 716 4426 7743 2146 7765 1764 4555 9158 2502 1287 2599 316 2724 2701 6674 3445 4666 7198 3432 9954 3609 1583 7358 9350 2245 1215 206 16 2413 2480 8117 
1907 350 1877 1458 268 8576 3774 3070 9353 9800 2825 713 7498 3534 8500 5485 4741 4560 1408 5024 1320 1869 131 1334 9747 3010 4799 2837 5656 8230 3459 4836 4390 7557 2549 1757 1209 1010 5227 5605 3862 4356 376 9857 5245 641 9256 5352 4434 6751 4144 4584 8028 6445 6108 7621 963 4234 1435 9380 7106 7787 8806 7307 2327 5063 7506 8058 7481 568 1502 578 5441 7236 1982 2142 5769 6152 146 9969 5105 3239 4206 5056 424 8567 7931 1769 4525 4874 3229 2658 9467 7806 9644 98 9728 2712 1476 6001 
4464 8350 989 1826 6934 116 1411 5658 3206 2323 6933 3723 5877 7608 2119 5532 5644 2126 2917 7441 2492 5600 894 832 8074 925 5643 67 5017 7988 8640 7271 2944 20 5711 4976 6725 1928 1160 664 3038 9555 7941 8069 4985 4496 5688 6357 1375 8368 6746 711 5113 7410 1332 5636 2420 1862 1127 2858 9776 7595 7485 2349 1098 1228 2902 6020 62 1000 7077 6307 4909 6534 1053 423 4421 3147 2949 1670 2440 7975 2768 8157 4966 2583 2585 5941 8625 8506 3386 8248 4538 160 8474 2375 8242 2646 8017 5978 
5709 6323 492 2230 7223 4048 2216 1604 955 404 1054 2615 4789 8766 5826 6033 1703 7003 6968 4121 1030 8577 686 2501 9357 5097 1765 7425 5999 8020 5921 9276 7879 1474 4379 5230 840 6733 5696 2681 444 4732 9746 610 2118 4140 2180 995 40 7398 8989 7906 8596 8932 926 4417 1625 5424 2555 1346 2109 2103 767 685 2397 1726 5500 3626 7281 4355 670 3089 9738 4778 2308 4383 4596 3786 9251 9309 5072 4031 445 9289 4250 9574 8464 3454 4519 2518 6284 6395 8323 3522 396 4211 7040 5761 2678 208 
9139 65 5168 226 2417 1203 3686 6074 8560 8026 5645 4931 2699 3339 2704 2683 2990 7164 5822 1533 3398 6250 2644 7464 736 1407 8889 5856 795 5130 5537 7070 5384 12 3299 5124 5031 5103 9569 3103 2639 6814 772 1088 8865 7386 959 1457 8631 6434 1911 4196 9151 5736 6417 4911 2874 6050 9817 7451 7240 2443 8837 3366 6847 8332 2633 3101 3680 688 7511 4368 3384 8087 7476 6264 4649 1132 3346 8615 7440 9903 8987 4698 3427 3034 2500 6128 5405 7159 468 7233 2234 1846 928 3424 2733 3935 9356 517 
3516 6783 5632 8704 4981 7099 5267 6809 496 2853 5590 7459 2266 4292 1031 1844 5343 6086 789 7422 5446 3833 2446 6144 6306 4393 7903 5439 6941 2113 1351 8716 4105 4422 6145 90 2864 8847 2247 5218 4594 5242 1261 4954 9012 4032 2110 2117 2957 9463 8854 2159 1885 7827 9922 9594 6720 940 4916 221 8592 1814 3062 4376 9987 5594 3108 1596 5278 8524 6626 6889 6555 9579 3496 3893 4705 4288 1682 8872 8789 1433 7892 2239 5857 2331 3166 6353 4932 666 4516 231 2757 3910 6708 202 7673 4362 4688 848 
5235 8153 4507 1188 3558 8266 6157 5414 4882 1530 8794 430 4058 9578 3497 6331 7327 6458 2029 1859 3288 9296 9483 1121 8594 304 6392 4062 6561 3246 2175 1104 8721 7085 4722 203 7860 565 7867 9147 9315 4224 8975 8283 7570 3167 2813 985 7754 7381 5818 993 3844 1920 7559 5860 6576 9051 8164 1968 2014 2978 5541 7737 5180 4923 9815 6905 5320 9118 3634 7141 8984 3485 5699 5141 9585 2833 3203 3028 1835 7809 1634 1237 5677 6195 4359 4416 3126 6581 7349 6091 269 4412 1147 1638 7558 372 7997 6114 
3954 3464 5838 7323 2163 2160 1417 8149 7096 8327 3849 1932 2640 7770 7585 4427 3410 135 2535 826 2093 4776 150 9340 720 7186 7337 8429 5317 541 6317 7896 2662 8072 6794 8537 1566 4571 3589 369 3081 3528 5108 2788 6301 4424 6726 7717 5244 9023 2680 5370 168 9805 3251 5482 8832 7217 7393 2193 6126 6990 1564 9646 8971 4893 4133 2270 1712 6852 8651 4693 1275 2144 7856 7390 2035 6312 833 9827 8471 5897 2765 7543 3371 4168 619 7751 1546 581 1310 9979 5188 6790 2345 571 8637 8086 1371 5202 
1833 2850 5000 3387 1131 6577 7024 4130 1467 8835 4933 2106 2382 6289 8628 2919 1645 3159 5729 803 1801 8542 1775 5014 2596 1839 7821 5552 3656 1185 7556 1020 3549 2793 7552 8112 4095 402 5509 534 1549 3267 1747 7575 3290 5361 3208 6765 4650 5790 8493 6080 7783 1824 2254 9115 7934 3873 8042 2452 6689 2393 3136 1414 3243 8915 9808 4214 4190 4787 2495 3620 177 5171 8346 8432 3615 5576 5461 2938 103 5433 1866 3042 4621 3982 8138 9300 4937 941 9573 3713 485 7700 1924 5513 4520 2566 8343 8519 
4201 1996 7012 4510 9565 5205 7320 9871 8972 947 6130 2395 9179 2801 8348 4170 7768 9044 5803 8280 6951 7229 3767 7321 8496 2219 5680 4287 82 3577 9617 1492 5849 1518 701 4116 3198 915 7184 8174 9082 3500 5907 8822 4785 9259 5780 2761 1809 6559 5223 7710 6254 4753 6697 956 130 9361 5863 1640 7664 3819 9872 7242 751 6531 3614 5974 9287 2431 5393 4998 2235 3139 6937 1933 6930 333 7586 3252 342 1155 1592 5437 4445 2096 3348 3501 9558 7702 3394 1904 7712 1687 6948 7874 378 8514 5070 3537 
4007 5096 6972 7442 3435 5107 77 6688 2632 4625 4806 1026 4691 3794 241 6087 7767 4660 5337 853 1025 6286 3463 3026 9723 5694 2882 8467 1202 3237 8421 7225 5698 1024 991 6761 1211 3349 1083 3363 2011 2186 8911 5713 9689 9010 8936 2088 7204 9820 1790 5717 411 9312 2503 3478 2744 1778 6779 3477 1475 3340 3719 3452 1229 9916 8627 1133 2311 4585 385 482 2406 6542 1637 2816 2851 6980 5807 3491 8297 3594 4790 2708 5291 8473 2869 2025 1793 8601 5572 171 9949 5511 2872 704 2614 48 6457 5786 
983 1679 667 7796 2576 3330 4979 6077 2437 5846 8275 8305 2457 5068 8030 8654 23 308 5112 5048 3845 9046 7052 1992 7426 6265 7338 6189 1700 719 9630 1374 8269 7027 4345 4360 9323 4086 1205 1470 9335 3142 3423 3682 2732 2567 8088 2404 2574 921 2141 2575 5977 1008 5493 7902 8181 2597 5022 2776 1742 5277 449 7935 1198 9428 1488 3843 2590 7742 4198 2661 9196 4067 7244 4361 8769 9377 6210 2122 5768 1069 1403 8425 2221 9511 2601 2202 9765 3902 5114 3836 3642 3789 617 4216 6129 8411 4377 2176 
9561 2558 8539 3178 9074 6778 7138 6838 3671 2563 2329 4389 3102 345 812 8701 4123 14 9477 7578 5491 4804 775 1780 6489 5016 3022 5158 8813 7635 1771 7533 9945 4549 3177 4563 1864 1270 6335 8999 6238 9369 7733 4242 1871 9435 4618 4107 1471 1166 1122 3341 1668 4298 3584 8970 8729 2682 2579 1705 4254 1680 9774 2485 809 8875 5858 9812 5609 2107 7201 2843 2294 6596 4063 1878 3940 3994 3771 2326 8040 7728 890 9829 2383 7429 638 4528 2277 4830 3858 4128 3272 7192 2925 1661 9231 4764 3097 9877 
2032 5886 2055 102 8308 5348 9611 1861 6100 7991 2429 3724 2389 5582 2781 6685 5882 8151 8303 9405 7968 5924 3075 8745 4099 9373 2407 1200 9595 5305 4203 2696 502 8925 6622 6906 9124 1067 1647 446 6776 6294 3284 2263 1974 7176 6813 8451 9487 9977 4928 4938 4022 7746 5215 988 5771 7140 2333 4463 6315 8166 1849 2342 8866 663 281 5222 9687 4910 777 699 9086 9057 2674 9700 8120 9221 9470 8505 270 6075 3784 4468 7526 3847 9947 2713 763 486 1402 1858 2506 801 3180 1439 6474 7532 8892 8356 
8709 9884 7708 8960 7051 2710 7843 1823 630 5749 9201 1979 7020 5041 1120 7631 8775 2832 2748 5364 9462 8444 1631 5053 8188 6120 6302 4919 4460 674 49 6826 6099 3195 1552 2061 3651 6897 4955 6372 5036 7231 1951 549 6342 5368 6214 8091 1163 2448 7407 4641 9828 5630 659 2606 9236 794 9905 4177 7353 8413 9686 4904 6384 1255 4947 1095 828 3256 9178 6521 6325 6926 4433 2043 8236 4884 8773 189 3240 2299 668 4662 5260 8148 2188 8440 5772 3942 1037 1138 9851 2772 7801 1650 295 8726 2505 4209 
6345 3151 2121 9516 7228 2572 3922 9242 5530 5333 9025 9865 6818 3530 2932 7180 3388 9079 4371 7193 5077 6902 6023 1112 5290 1879 3308 6833 6949 9724 4285 3458 6241 4181 3867 3314 3606 6650 1176 3411 2358 9970 2815 8287 4228 7641 8739 8198 7747 2916 2810 6683 1145 2939 7877 8330 3748 526 595 8735 4200 9766 8129 677 2734 8443 2663 4788 7865 8284 462 5910 7894 818 6473 3904 2140 7656 5243 4717 735 2910 2648 1586 5400 4959 1970 3696 9031 7341 4668 984 3880 4418 5646 1143 8912 6583 6347 6164 
9083 868 6950 88 7414 2795 3604 5008 4589 3872 9152 9068 36 5837 6898 7515 3039 2024 9818 7083 4999 6609 9156 2510 4100 8774 8250 5827 3507 4491 8581 6123 8010 6855 2181 754 8798 1946 5755 4129 8183 9739 5062 2913 6986 9204 5551 4755 7840 2095 1609 8918 5534 7774 2139 300 745 7044 9867 6101 9159 8318 9601 6435 3714 5503 642 2675 7815 784 9549 9226 3602 3370 1711 1789 9349 4052 4812 5936 5633 240 8187 1843 7720 4977 9731 9030 7326 113 1704 1019 6831 6673 3264 7870 1412 1910 6211 3964 
6453 1465 5005 3071 6234 8024 4782 4335 2183 9218 5606 4038 7531 2514 2548 4861 5161 5719 3781 3307 1529 7987 1681 9294 2981 6598 6824 1256 5637 5347 739 7549 9448 134 144 2426 3917 1836 5426 8206 4505 907 1162 2357 8455 6961 3249 3553 8405 5964 9612 7780 2302 4567 2656 3092 2287 6633 9067 3029 4675 8383 1116 4913 9165 6085 924 9228 6151 9939 2147 2486 2116 8216 741 9042 3037 7255 5665 5683 1212 793 4119 1459 4807 9786 724 4860 3344 2197 4673 7626 9169 2312 6394 9499 6426 3365 8741 9778 
1600 5003 236 3834 3945 2698 163 4265 5427 806 5216 2353 6409 7810 5888 2758 479 4545 152 1660 3572 1079 4436 8768 6031 5774 3082 4736 4865 3066 4428 9807 2238 3298 5891 2616 2806 9901 6448 6137 2438 2876 1509 4857 3706 3301 8691 4161 6501 4651 1872 112 2740 8341 4459 9078 9610 2167 6738 3721 1184 4372 9694 3211 4718 5735 6952 3447 7015 6269 1532 7400 7372 5508 7817 5870 6504 9931 3895 6763 9468 3238 1065 7554 1314 6978 4009 3737 450 4715 311 2421 7937 4607 951 7316 564 6348 1702 6640 
9106 7018 4002 7607 2031 9721 480 9172 3461 6230 2652 4425 6530 6807 1717 5970 4724 958 3033 1967 7943 5555 5066 7401 4103 465 9614 4796 8944 184 5624 6600 1856 3313 8476 4305 6454 1089 1501 1073 8131 8821 3002 3912 426 9600 9660 5943 9217 6938 3745 1481 8254 3202 7046 9087 1884 5909 1841 458 4854 3043 7082 1236 4633 3303 1815 6860 3513 6173 4676 2424 237 8410 909 9427 1106 9045 6643 8109 416 5559 4963 167 4089 3044 290 401 7970 2364 5824 3691 5765 650 1521 5650 8124 5296 2922 1022 
5512 6416 935 3417 7721 3378 5083 8856 3733 9853 7079 3728 5685 4672 2608 3700 2630 3467 792 6253 3811 415 5266 7623 628 3708 7739 6762 5844 1988 3970 6663 4566 3169 6359 8850 8958 718 5328 2820 8037 2952 96 5316 913 6115 4756 3938 3575 3474 5621 1327 3007 8852 7169 9699 9411 5515 8699 3585 7748 3426 8477 9426 9347 1296 4406 1325 1510 3192 3722 7789 9664 412 4388 5817 1617 6690 8991 2693 5679 386 4965 3273 1460 41 8039 7158 5911 7022 4634 6256 8913 4016 7360 8545 6687 3958 3852 3792 
2700 2390 5061 4386 6752 143 1190 7417 4148 193 7811 8967 2252 5957 1326 6653 4780 4340 5789 3541 6205 813 6543 5026 6786 6084 3442 4611 9441 1134 305 2444 5055 1688 4349 4333 6844 9257 1388 4403 861 4484 6713 5880 6893 1925 3019 4829 8718 6012 3271 8003 456 46 2975 8805 1035 4479 2068 5681 4643 2391 3100 885 2324 2388 8081 9214 3364 4772 5814 2743 6989 4117 488 7716 7520 6511 3965 247 1386 2808 3118 4907 1442 4628 58 9038 1264 2935 3179 8606 1767 7295 5810 6391 3473 3201 2973 6177 
3597 7453 6719 3498 8366 5497 3450 9711 2474 2470 6193 2412 4139 891 195 5655 5240 4832 2641 9187 4967 4622 7348 29 7397 4457 4137 8904 7419 9037 2905 1760 4901 9642 2339 8652 3200 7455 8963 978 1905 8052 573 9040 9904 5721 5930 4541 9866 4395 1333 7611 7667 7207 8645 9662 986 8430 8311 1696 6411 7523 8878 8996 3754 9220 6863 1929 8622 8584 4631 2410 6171 8633 5784 2647 1782 7719 8858 1304 6356 9247 1263 7014 8152 8634 3695 2927 3172 6419 3517 4461 7583 7021 1039 3316 1297 8676 5151 38 
8312 7950 1784 669 1665 8870 500 9073 6102 5793 6594 4580 3560 1632 614 4093 3770 6064 3704 7714 841 4859 3088 7395 822 4942 4562 6364 1420 149 7752 2954 2086 4872 166 1919 1860 8569 6894 8949 2508 9980 2624 7074 5183 9720 2408 2827 1148 3018 9546 3236 2022 9984 5492 5893 2967 5300 5238 3359 3583 5479 3405 5762 9521 3168 758 9895 7736 1736 6702 9740 6931 3510 5219 9906 2425 3282 1224 6042 4983 6037 6199 1504 8795 5550 1135 6396 2997 4558 4720 9116 5191 3014 2992 4396 8134 7488 3645 6181 
8314 8605 3420 1461 3069 8415 4978 5638 4769 6140 3670 4779 6599 3266 7625 6405 6932 2937 3886 8665 8165 4997 8881 6877 6735 5904 4318 4283 1191 6270 5093 9006 1694 9631 1036 3280 3539 381 5007 8121 9490 3995 9608 9096 257 3914 9656 1806 2282 3449 7854 1380 559 9122 3508 6056 2360 8509 3780 6045 6582 799 176 1699 7540 7688 8001 6782 3472 8671 2629 7432 1149 2996 6602 3559 8957 5587 204 555 4914 3529 5523 3943 7676 4385 8608 9203 2350 329 9889 9442 6638 1553 5287 1406 9917 1999 5862 7446 
4587 139 5486 8926 4180 9672 7314 1075 1619 3114 7146 2394 779 660 621 7823 3132 683 4431 5044 1611 6684 8488 3650 9049 7450 6880 7884 7677 8096 3182 9663 4483 2887 8288 4583 7936 1440 3319 5622 2143 2852 3712 1960 5234 3808 4801 2362 8550 2987 7304 1829 9354 9292 5836 8252 923 6586 9137 3775 2586 9280 9918 4487 9934 4317 5869 3741 5464 4757 6623 9795 1033 2261 3782 9133 1479 5353 8662 7303 953 5575 79 377 1170 3175 4369 3806 5178 6338 8568 5312 3989 5714 4085 8051 1572 6239 5095 1483 
5567 2449 5058 6861 5993 2400 6493 5251 1046 4511 1201 962 3548 5069 5850 3469 2496 2840 4774 1319 1759 6533 8008 7183 3056 7930 4839 5969 4257 9114 7139 8377 1017 7237 999 8094 2988 591 5374 6154 1555 3658 5450 2593 5314 5519 4274 4432 4921 6113 9034 797 4988 110 9844 3736 3587 9111 4841 5701 472 4701 544 1241 1654 7177 6283 3953 5420 3908 6617 7267 7781 7976 5371 6007 5143 3726 2165 973 1964 3434 45 1252 4451 6742 6939 3814 8043 7637 1576 3116 1086 5563 4017 7497 2001 7859 3623 3035 
5804 9620 3699 1059 7252 17 191 7759 3915 4551 3396 9329 9966 5668 6339 6089 6470 7913 4036 5504 8142 1058 1523 5358 353 2655 7725 267 3755 51 3581 8752 2042 5462 3761 2303 9105 5403 6212 3021 3247 8403 4669 8257 4692 3231 6166 8827 5601 3519 4989 3885 7302 4498 2942 4041 6109 4155 7599 8173 2866 3031 393 1187 1196 6112 7439 2906 8482 9190 582 3703 5029 9085 2318 291 5255 787 584 9136 2320 1 3332 8228 3542 1981 990 8197 6491 2251 4878 7675 8291 6463 3277 1620 4220 5554 715 4635 
8373 2964 2070 6627 2473 8139 6553 8196 9088 644 6258 9445 771 310 3799 2136 8412 3157 262 7691 3245 8218 2604 338 8873 1016 2224 7655 7019 3209 6497 7602 1972 7484 1528 4169 136 1874 4404 50 7969 9645 9293 7893 5474 8389 6853 855 2627 405 3831 7951 5676 4221 5197 9988 8610 6997 8909 2229 6476 466 8855 6061 3913 4397 9780 8532 7084 2610 3716 9911 6318 6587 7173 6385 3752 7942 5259 3574 9053 3512 8114 4972 5484 5258 3896 7262 7189 3471 1473 6750 4561 9813 1517 3735 7944 2785 8598 4339 
9667 4399 1218 7293 2651 3906 6793 4173 590 3078 7518 561 2419 6341 2489 9438 8864 8472 1646 6589 1299 2297 285 5434 5773 6545 4126 9254 9745 9581 7790 5085 8705 1935 9157 7325 1424 3688 196 5913 8372 1124 5140 1776 279 6672 3720 2865 8103 398 1914 8186 5958 849 574 61 7514 1266 9874 4497 1618 6039 7808 111 303 9390 9976 5138 5091 1854 6041 7470 9410 5355 175 1953 5510 7241 3527 4042 5734 6573 3440 3085 4746 3253 4568 3402 5968 2223 4575 7049 6959 7582 4301 1652 3911 7848 4905 2009 
2868 2936 5468 5670 7581 625 5338 7928 8995 9986 6048 7109 4158 4108 9171 508 6732 5932 5136 1799 64 6482 4226 5469 9325 4195 9605 397 283 7764 552 2994 86 8382 5760 9926 9274 5813 2279 3779 7696 320 5524 1628 9425 4370 2405 8549 2706 4758 5375 8104 5010 2564 2027 9676 292 3793 7387 2132 7369 5690 8564 3676 2162 5429 4986 2472 7648 5616 6155 2691 6003 3698 8846 54 6629 8706 2207 173 6439 8522 7131 6679 8365 9741 7375 3556 8679 2879 7050 7534 8279 1991 7665 4280 1810 8359 1940 5758 
3554 2595 3732 6103 5098 5657 1490 433 7591 9640 3662 2573 299 8336 5149 8354 9514 5037 727 5186 2090 6343 1463 554 2214 3743 8828 1998 5006 8688 5257 9681 497 5111 7922 1542 4744 8337 5764 2346 9902 1622 8981 8838 3216 9184 4077 1258 3709 6485 5517 5011 5440 1383 6232 3635 5381 1246 4097 3000 6675 3644 5239 6017 339 7333 3959 9127 9627 2782 3889 8710 7039 1117 4866 594 8013 3795 3130 4405 8231 3674 3552 5847 5269 522 5852 6320 3773 6988 5615 3235 9811 5264 7361 1796 5481 3305 7125 7423 
1595 1063 7545 1394 4157 3929 5181 9069 656 6251 8401 4747 1328 3972 6059 5043 7462 5568 7938 5456 8158 1047 4050 6513 1110 5324 22 7331 5392 1936 5561 5412 9399 9657 9472 3901 3821 7548 8681 2668 3791 774 3768 8974 6190 8237 9415 858 5674 7436 7472 9779 3439 3605 6354 4894 1605 730 1002 1129 3185 2334 7872 7149 390 2076 712 4320 3112 9710 3672 5109 8122 834 4241 6774 8919 9273 3996 7592 7305 1144 3624 4072 7939 8558 6821 7147 1740 2947 8243 7483 2569 7171 1560 1078 7490 8653 4202 5211 
5413 7029 4895 2194 3368 2715 4818 6349 4803 1239 5444 2428 4604 6475 5994 9792 7574 886 6829 5796 4231 9868 781 3888 9492 8219 1868 1550 7037 603 5948 3382 613 8245 5927 6681 6437 6962 6652 8694 4733 1779 729 5457 5307 4655 5363 3894 6444 1048 3930 8685 5074 3063 3117 6700 9476 4279 4991 5707 4653 21 8612 5480 8379 7918 4864 7977 3509 9886 4863 2943 1186 9493 2499 9823 1399 6712 6710 6009 4821 7364 917 9295 759 3570 6958 2824 455 9084 3456 4768 6580 6246 9370 7292 9743 6006 3990 3490 
132 6935 2703 6915 2475 9718 5599 6016 8570 1322 7342 7993 1875 2589 282 6736 4883 4271 2377 4162 7329 6443 976 8563 4131 889 5947 7553 6492 1293 7185 3546 2812 2847 9258 5724 9465 2999 7160 6777 6907 4943 7127 7650 5649 7831 6825 4993 8831 5078 7268 516 13 2523 7920 4363 1051 6502 2985 188 44 42 9342 9346 8616 5025 5737 6360 9324 2314 7839 633 5743 7312 7666 4889 5273 8000 1178 4440 3060 8977 1251 9302 9968 4576 2359 6257 7466 2775 147 5962 322 76 2015 4810 934 4070 1421 3361 
8979 5900 4455 2940 2416 2537 5527 5938 3944 5246 8241 9625 7925 4453 6242 6298 6505 4704 1695 3015 214 7197 2722 9052 4608 9345 1068 4952 5799 141 1286 1855 8499 9233 5704 883 7135 2370 2200 6040 3403 4346 1244 4001 2546 6974 838 2907 5702 8495 6175 761 1739 3128 6956 1277 4987 6116 9285 6388 4506 4353 2049 4232 1908 4781 3457 1901 8938 7249 5201 4632 1892 705 8630 6005 2854 3482 682 3260 8226 7730 5727 4407 2791 7998 9121 5416 7927 4252 646 9107 8675 5285 4679 4325 7473 8031 8018 9189 
3739 448 8930 7273 3711 5475 9024 7227 7496 5445 6569 6399 6431 9225 4051 2528 9839 4248 4636 4448 2884 7434 3899 4683 5901 5853 2269 1558 1867 8215 3425 7058 8246 9665 5706 879 1927 5664 2592 1987 6375 6090 850 1250 7504 3846 5225 8635 7226 1731 1657 1493 3199 4296 3369 6268 8070 6981 5580 2739 691 8064 234 843 57 6654 7116 1800 4504 3162 5182 3164 5940 1574 6131 9119 9029 4230 2063 2741 7188 28 6404 213 7002 5265 3189 4304 9150 2903 9175 5539 2058 5156 8950 9568 5379 6096 8969 4258 
6057 3470 4856 2930 5906 1708 2982 5423 4876 8490 2974 1455 7887 2056 34 9188 1308 5212 8663 593 9016 533 278 9011 3619 9840 1248 4413 9206 5086 1886 3683 649 6745 256 6237 2174 7798 6943 8934 1607 7224 4481 8997 6135 1977 8416 968 4482 3592 7741 2351 3328 7830 1965 8234 2527 6655 9047 4275 8507 7683 284 8351 9112 5889 9635 9580 6229 162 7538 2201 2524 6876 7215 6147 4711 1568 4411 3383 5391 5386 7662 2091 5747 3803 100 1004 2092 2666 2914 4906 4150 464 1819 4134 9080 6565 8065 8597 
3254 2030 6004 99 4833 2336 7651 7542 7190 2152 4259 3317 3790 8884 250 9907 2846 5902 7955 1118 5179 6883 866 717 762 4572 6548 2288 7629 428 5206 6053 6664 4775 3502 4490 5295 5659 3875 9263 6518 7412 5271 6346 2054 9816 7351 8301 1335 4302 3788 6615 6204 5293 6892 4315 6945 5263 2003 8673 3997 624 1240 1825 9195 6797 2986 6207 3072 4454 9338 6296 556 2253 493 9512 9093 2365 3979 5152 4020 8276 5397 6308 1571 6072 2721 5738 6083 392 8602 6827 2330 4327 7465 2439 5089 1966 59 8459 
9576 8286 2057 4892 3241 7031 8193 1378 7309 359 6260 7834 1635 8931 8201 9430 9821 7530 4159 5686 1847 8185 4603 3064 5501 3204 5184 8249 957 2074 8106 5535 6659 344 6153 8697 9348 5354 7551 9858 242 5330 6547 9222 4039 8796 916 4350 8491 6676 8292 1973 873 6303 2507 3684 4638 2859 3429 8624 2945 3493 5603 4862 3941 6630 8320 9328 6666 9255 421 3032 2731 9990 367 4151 7924 4478 4517 939 694 5377 6379 7379 6982 9751 9870 2281 1489 7028 2550 8098 6333 3109 5125 5463 6839 5451 3986 1164 
1204 4543 4045 8639 2189 874 3928 1512 8886 9849 6227 7377 7587 3412 9026 483 6377 3813 8619 6510 9303 8990 3933 7880 6304 1893 122 3111 2737 4056 4936 9313 153 8285 7704 5741 5783 8669 454 9128 7101 4656 3561 6918 2617 8334 7443 8863 932 3666 6081 9772 5988 3582 7094 3963 7025 1724 8859 7649 8075 418 3190 5009 9021 7187 7246 5703 2319 7600 4751 1606 8908 6970 8751 1462 4535 5800 2241 4885 9737 1557 7878 2955 2966 5516 5432 3598 5121 3244 1725 2835 1432 6280 3312 1235 7900 5162 5692 2264 
1636 5848 5476 3054 8125 5502 4420 2800 2456 7075 1384 9836 2720 9539 7996 5851 4120 7697 142 8515 3588 5057 4531 8011 4687 7366 5928 9708 5084 1923 9237 1137 7628 9081 6380 4489 1309 9414 816 6631 1396 7933 9454 2891 6002 1902 2637 6069 768 8790 1579 4926 4794 974 3883 1390 5150 222 2598 1005 6378 2482 5013 6724 2484 5250 6524 7875 5135 1169 4465 7829 1210 6520 84 8680 2158 337 395 2578 4786 5398 8575 2848 7594 6456 7669 3536 9682 6062 271 8147 2490 1500 4750 1494 9650 2554 4823 8755 
5965 1013 3248 4939 9371 133 499 8436 7973 2195 821 3694 3798 9100 3310 5321 5261 2541 9363 9102 5185 7923 7883 893 7932 4629 3146 1822 9962 6413 1216 301 4925 518 5926 5346 7744 9180 5372 2211 9320 8661 73 8035 7487 690 5256 7606 8316 2545 6942 7907 452 3407 5045 8007 8256 138 4352 2479 3205 7888 53 7299 8309 7067 3304 6213 2762 2178 5949 9678 4447 3977 8360 1014 8448 2556 4191 4658 1614 5569 4920 5602 8077 7647 5094 820 3409 1193 5925 8394 6203 8590 2210 6753 15 911 1961 93 
749 8259 6575 2672 3802 4880 9659 7167 1707 5819 2946 4429 6121 7165 6178 3749 4792 8053 5170 5975 7782 4946 5809 2098 476 6208 8484 5821 2636 8836 3154 6845 5167 4708 9618 5417 6694 6865 9209 8222 9541 4875 7467 1615 3801 7838 8923 5035 4267 5495 3215 4522 5028 8210 778 5280 8144 9873 3250 7605 7528 4299 2369 5224 896 1279 8033 4477 1963 1697 4552 4115 8386 8692 5835 7258 1484 8263 9767 5954 673 8437 8485 3455 5254 914 9496 9648 6619 2466 118 2208 7753 9192 9246 9789 8959 7480 440 3607 
2441 6563 514 2225 1673 249 1783 5435 7277 7478 8614 3422 1358 9230 7876 3376 4309 5304 1172 6868 4929 37 3980 7958 9706 5065 6525 2381 8398 3637 3950 8528 101 722 2226 4351 66 7846 3800 6806 2778 7064 4316 7952 8009 4581 4539 3892 420 5983 9943 942 2153 6557 4791 1593 6499 7151 3562 1599 8294 8510 5929 5506 6669 9879 6908 7030 7005 4834 3531 4845 8073 6098 9056 4347 1710 1744 6276 5879 6925 2316 4054 7367 6953 8917 1269 997 1770 5415 8076 8127 5356 5396 9451 8227 8146 8115 2461 5004 
6867 6330 9059 519 6494 2242 7539 7510 4992 7403 1177 2012 2727 902 2125 2217 8331 1805 1913 998 1285 8882 357 427 7463 7170 6767 4809 6604 1303 2836 1934 3441 9534 6936 7062 9060 6661 7311 7339 8529 4690 882 8879 4462 655 9719 2897 9142 363 4145 4043 6186 1633 115 1099 264 7800 6718 9999 7235 4101 6362 81 5155 931 8182 6695 9933 9726 5917 201 7732 2293 4458 7994 7315 2896 6772 6512 9077 1038 1032 1491 2352 9191 324 9423 7479 6775 4640 5241 661 8170 8233 2332 2185 1912 8861 9381 
6912 6758 9628 8034 2108 447 5302 7550 2650 3138 9888 943 3900 9407 8582 8809 9522 3224 1544 3283 7645 9782 2581 5455 5979 8400 6292 4308 4261 7775 3336 5131 5855 9032 4266 3591 1072 6677 8361 3188 3796 7836 9899 5115 515 351 5252 2559 9149 8638 7175 3949 6588 2686 7967 8736 1522 4282 6309 5221 3820 7086 8565 9270 4064 8080 5064 4569 5884 5309 6291 6991 908 4380 1648 1563 5871 3397 2131 80 2669 6789 8595 8137 4398 6401 6488 3335 6571 9759 5268 7763 5710 2643 287 1802 2491 9981 6914 5629 
1273 3905 5528 4948 8006 7282 4263 159 7684 1995 7418 6259 9616 9146 675 6613 8842 9094 7115 7723 3153 7298 9134 5570 4840 1180 6063 5443 9697 9367 7804 3276 7916 8392 1242 315 4442 4661 1623 7779 1551 790 9066 4160 9358 2970 9674 1915 4322 1168 7580 5671 5163 3600 3946 4800 7639 1727 8014 9971 7573 473 2494 9914 5611 365 6946 3415 8255 2259 6828 2841 8702 4311 987 8061 7871 7619 6862 548 9729 2105 6165 5100 8687 232 9819 1937 8342 8700 8632 5956 6125 5653 9043 1125 1450 3956 2619 6722 
9797 7999 6656 9144 6124 8719 9883 243 6442 3576 238 7521 9622 654 355 5217 7469 1584 3194 6692 4223 2418 2077 1820 810 52 9453 220 2422 6163 1525 9633 8427 8707 1087 276 5033 1750 325 2753 9101 5583 6747 2192 7145 2285 6965 8544 5981 6278 5154 6247 2971 2260 8641 6858 5247 7317 3668 5030 3086 5678 275 6691 2717 8559 5642 6911 780 6282 9382 5274 6447 4149 9845 7689 7200 8126 8553 4838 3321 2267 6716 194 4278 5631 380 6611 1738 3342 4696 5040 403 7118 6971 6465 1103 8306 9506 5544 
6904 8903 2280 7866 4336 1206 9890 710 8054 5399 3751 7681 7547 4827 5950 4415 85 4973 2689 1447 1840 4082 302 9854 8502 7097 1486 3488 9075 3884 4225 4725 7807 9599 2021 5995 9638 431 1641 5623 1305 9727 2697 2450 4831 9669 4319 5834 2877 528 8097 2659 4297 7308 3187 425 7157 3390 3636 4749 6329 7601 72 3121 8792 4213 7858 7713 3133 4313 2931 8940 3868 1938 3047 1434 8457 1729 8746 296 5723 6923 5985 7396 7761 9304 1126 7905 7365 5591 5564 9092 7078 3829 210 5635 3629 5139 9238 2521 
1830 2191 1956 6639 1227 2111 347 8141 6469 364 6820 1683 4338 8844 1612 318 6887 5505 5388 6000 6955 4402 5612 1173 1295 2355 6243 251 8604 5592 2209 6387 6235 7055 7864 5739 9604 9846 8428 5864 6536 2933 6784 3270 587 580 4969 6361 6236 1111 3859 467 9277 3234 9071 8108 876 71 3936 1321 2654 8212 6549 5640 3068 5329 1798 1052 7784 1865 7010 3148 7065 6895 791 169 491 3393 6578 8406 4515 4033 4694 7682 4059 1294 2588 9523 314 7820 7111 9174 8733 8023 2273 4542 5866 4218 2392 4470 
7300 5982 9262 8834 3183 7563 3984 8469 6487 5934 6570 1745 9250 379 5326 3877 3145 8580 9070 7430 9545 9249 3685 1306 2050 6506 6558 30 9001 484 825 3988 6641 417 1165 9235 4486 652 8310 7593 1183 1415 9589 7609 4439 3760 5177 7773 6922 5763 8891 5953 5937 6701 3294 6363 8307 6766 4680 436 3870 7100 3077 3152 922 770 6709 4004 408 6585 4811 8820 5226 1838 8397 9862 8877 3279 5918 2694 18 6066 7835 4612 3460 8840 2577 5839 3765 4262 6191 5284 1477 4824 1416 10 2173 2459 5520 2072 
5787 6455 9785 7072 9281 7026 4737 3535 3045 3350 3842 406 7947 9198 7102 6872 504 8817 8419 3920 2754 5896 8899 7137 4509 7814 3750 4714 2755 7590 3009 8178 6834 6817 7279 2863 577 9560 2565 1043 8802 6172 9666 9181 851 4935 217 7023 2794 1324 277 9556 979 6888 5585 5447 39 9928 69 7964 2783 3523 8983 2603 8517 3297 835 1896 9603 7250 9750 9459 9331 9946 8002 7868 6647 3809 2447 127 8748 8298 643 7851 1469 971 3840 9992 185 2071 5691 1410 542 7680 1370 920 4805 5099 9130 8749 
4851 419 2612 1397 4295 9168 5204 585 9936 6739 172 4472 4047 8885 6804 4546 3818 3861 2276 5173 6217 3937 5776 8029 5207 1554 3404 1955 2081 2469 2179 7421 9420 2796 4492 6483 5898 4079 525 9421 2570 3590 9584 8765 9140 3079 341 6314 9048 4657 5597 6822 7420 5019 5588 9036 7270 2752 7646 1445 9266 7278 6261 6111 8261 6703 7036 6200 6608 4357 7053 605 2888 7343 8214 1018 1720 2385 1195 6481 7221 4797 7690 1464 2773 5595 1391 4554 7674 560 435 9517 4300 1265 782 4019 2923 6446 2290 6551 
2309 6866 7500 6132 7795 5106 9194 8021 8376 8046 7962 6366 8435 5050 9764 9756 3547 2048 6010 6540 7182 3746 4980 9319 776 8503 2908 6620 9464 5 7638 742 8145 4466 8533 1323 1709 8618 5465 2531 1006 7881 9643 5421 7632 5425 2304 4207 3016 8803 8118 3140 9216 6714 612 721 786 1852 8163 6564 2274 5718 7178 4685 1438 8521 3596 2950 5991 3466 5878 9183 8016 2969 9540 1527 1288 4723 6267 2051 2464 1832 9491 254 8102 5471 9498 3334 8208 4681 7572 1312 1021 5584 1898 4326 7529 9533 414 4087 
773 280 7452 9035 248 7199 7324 9722 4423 6271 7284 9684 2625 5210 7203 4068 8740 5407 2120 4699 441 8548 5076 4005 6088 1091 1540 1499 6798 5753 9562 1942 1034 966 7290 9803 7202 6425 9725 2460 9606 6350 8554 6055 7616 2149 2084 6528 6757 5607 7328 3233 2911 4619 362 8712 7449 9834 5951 161 328 4488 2533 672 6398 5073 1511 4410 3184 4069 7706 9773 7630 9793 3816 2414 1890 8804 2529 1426 8135 2875 3681 409 1430 6787 8518 6327 8816 4378 9843 4281 596 9680 7983 7620 823 9794 6049 2454 
6400 8447 2246 8371 6076 5526 4802 6105 4219 7978 3137 5383 7898 2898 6526 8682 6707 8583 9831 9693 6220 9801 5792 1214 4534 5270 1189 6068 4837 5327 1752 477 4630 9957 2856 8920 6244 2343 4236 2777 5169 2984 4667 7081 498 3618 6351 2983 5039 4719 8535 366 2168 3879 7915 2477 8762 3657 156 2719 6711 954 2799 6796 572 1629 8939 5992 3125 6252 7537 7194 6421 490 5051 3120 7405 4940 5389 1418 8295 8391 8607 9305 2218 6516 7047 5806 4514 75 6299 7509 1766 7576 212 3399 1895 1382 5779 7828 
7980 9481 1751 7413 7560 1070 8759 1080 5986 3232 8715 1454 8893 1401 7276 6290 8825 1950 7232 1093 9602 2538 2918 9685 3353 108 4021 4084 3744 7216 1918 1119 1011 7911 9301 9762 5518 4132 865 5190 608 5777 8408 3524 8453 9062 7857 1105 6295 4917 7475 7272 802 4533 6928 7755 215 3479 6174 8527 9170 5750 3882 6479 7654 6921 8441 6769 2621 9419 8512 9683 2591 5794 10000 9028 2371 6667 4013 7566 1041 3640 899 2977 8843 2427 3772 5972 7294 5557 4536 6568 8195 611 3484 2804 1152 6662 63 9575 
3715 8698 1561 2540 8650 827 8235 4446 7722 3969 8363 1733 2083 7008 5160 4212 3881 3291 7474 8352 6197 1590 862 4065 980 3006 8431 930 2478 535 7724 7672 5840 7869 9520 937 2948 7150 7614 9265 8848 2465 8240 8551 1385 78 6436 5577 598 6202 901 8660 7205 8277 3566 2894 8380 6612 8481 3763 3639 8362 4096 8433 2718 702 8264 9375 8478 8319 9058 5145 551 330 9959 8345 8089 5157 9098 1472 7162 9695 9013 3123 567 3210 4197 4366 97 1253 9408 1341 744 1772 9830 4842 3292 2398 9355 1753 
6646 4331 9647 6139 7624 235 3360 5733 6812 6593 7644 8168 3377 7471 1653 5052 7288 2145 2045 854 3565 3055 8862 8772 7291 3617 9639 9554 927 8674 2594 5695 2928 3352 5833 5798 4092 1276 6882 5742 384 1012 4312 6355 3451 1337 4192 6231 4 2220 6760 7948 6705 4204 8205 56 6788 3580 7454 9775 1664 622 8643 3220 6539 4113 2040 2190 1113 2560 7095 6792 9524 8678 4277 9982 8116 7251 9915 5700 2892 2134 9458 3413 2435 1531 5318 4456 9530 2340 6221 7740 1535 1023 9878 5634 2880 6182 7909 5340 
5976 2893 7890 8099 5617 6452 1848 4237 2023 2198 7346 1777 4367 2552 8530 1624 1547 9713 9677 6768 2354 723 432 1585 1876 665 6022 1808 579 9306 1318 7825 4765 2064 8047 7091 2296 4813 434 8948 7832 8045 6873 3903 7234 5454 965 7385 4215 8791 3758 4245 9587 6169 9655 6340 5647 2745 400 2823 7195 8209 2497 7399 7588 8546 5531 8776 1627 807 7155 8423 9384 6560 944 5546 945 1238 6104 6815 6263 3041 5034 8267 5521 1850 5596 3857 9234 3437 4143 4012 4902 9200 9882 2830 5654 7416 7132 3150 
3564 7685 4469 3830 5404 8119 4853 5366 8 602 7059 6352 3436 2005 4984 9383 1423 7908 4826 1931 3095 5625 829 8180 5281 5997 7120 3557 9389 2536 2677 1456 7489 8982 3586 19 9461 1997 2401 6522 2212 3701 6728 651 4870 6572 4847 8390 6977 4164 7546 5720 9572 5442 6648 692 7853 6996 8571 8988 4869 1562 3848 1721 8388 1217 8541 512 2222 1339 3476 6408 5489 4645 887 2322 2817 1405 5740 7092 1056 6403 6651 1107 8657 8395 9929 7212 1926 3218 4817 4605 1108 7660 8321 3076 9577 9994 4577 2374 
5556 9653 9791 9282 2130 2271 6671 2926 9109 7208 4136 814 1154 453 8599 2017 9374 8494 3677 229 5313 3214 3545 8169 356 7544 2547 8221 7206 1042 6393 4532 4777 9334 7042 8929 1658 3967 3679 7567 340 186 1930 3514 4188 183 6420 5311 1667 1570 7919 387 2065 4678 6748 8737 7596 1262 4982 5357 7448 2000 5208 5310 8771 7694 6371 3643 9321 8175 615 2828 523 9248 1317 8815 5770 3036 4142 9582 2784 3611 9538 4178 1792 199 9504 9553 3050 89 6764 5411 8105 5408 5194 3259 1659 8475 3871 5854 
4848 1281 2127 1921 3616 6715 1357 4713 8588 592 970 3257 7914 5116 8396 6249 6180 3532 8470 8664 4500 11 6215 1986 4400 5651 3499 8730 154 2430 6508 5282 681 9090 9110 228 6245 2613 120 7703 9395 9392 437 9788 2657 5945 8179 9887 8964 7505 6963 1578 9227 246 5549 8785 9376 1598 2797 8192 972 1603 5466 2100 9003 4614 1831 3955 1897 639 3380 2156 7152 4106 9208 6668 3023 8038 6574 32 2039 2059 4961 3805 6723 5449 5984 6519 1260 3005 9649 5472 8414 7917 9881 6275 7332 5823 8258 3603 
2771 764 8225 1534 1616 2512 1373 2467 8591 3134 9444 2199 4176 5885 6071 5548 9535 7535 903 3281 2004 3890 9951 7163 8952 3520 9271 3981 9095 5075 6503 588 5365 3174 3325 3113 5579 4438 2886 6590 4394 3838 4384 9941 4175 6850 1821 4588 3555 4094 540 1993 7762 6699 5766 6966 607 9403 697 3675 7301 4075 8727 910 8095 1943 8100 5104 906 4138 5345 9761 6606 2924 5351 4798 6490 9861 9822 8049 9528 5610 7238 728 8770 1754 4573 8695 7073 7000 5088 9757 1234 2667 1649 4365 1818 7863 8782 2798 
919 114 3654 9439 8767 1343 9833 9406 1061 8299 1828 5231 8253 9437 658 7424 8136 9641 7380 635 4163 83 6541 5142 3268 7378 3462 7926 8966 9964 3968 7610 975 8998 8463 2584 9570 2789 6875 3487 2742 1762 4255 3630 5164 5015 6791 3827 8717 8853 4444 3976 9054 1362 8617 6507 3084 3444 3932 9856 3731 733 3874 8523 6910 9495 2821 788 4526 6621 5193 948 9379 2368 870 7134 2213 513 740 3024 4008 5728 1284 8442 1368 2562 2298 6645 8066 9185 429 2961 1027 7524 7760 459 8083 4742 6544 9777 
5757 7802 1666 6756 501 648 2344 4544 4247 871 857 2228 6410 7350 5684 9748 6179 9160 3504 5553 192 4570 5805 1735 4760 3289 4244 6143 4391 618 2468 6326 6078 6376 5730 1686 1643 6433 5662 8586 5409 3311 2953 1366 1842 8677 9749 7956 8655 3275 7794 3521 7054 6266 4006 6043 1880 4034 9564 5566 7345 9709 8369 1208 1958 5090 2685 8113 4256 8289 6321 8801 5101 4616 7603 2284 5438 1194 9588 7701 6273 8797 9475 8220 211 946 9436 9715 1092 5175 361 1621 2960 8747 2060 43 4154 6916 5712 5811 
219 9474 1300 2504 9937 1302 509 3004 7849 6610 6771 620 9193 1692 2028 4011 6795 2716 7844 5460 6900 7966 2730 7568 5756 9336 8992 4850 3355 9326 3356 2702 5931 5350 92 1081 2196 1254 1539 4251 8561 2568 8313 1656 9515 145 7181 5289 4766 5682 3090 1057 2522 964 3627 9671 7522 2756 3563 3975 2989 9654 7503 7659 9397 5998 7617 2580 4503 8159 6637 7433 3171 3613 1094 1813 1356 469 8501 9418 9485 9910 8290 4767 7541 6058 4703 2513 124 5373 5279 389 2301 207 7406 8426 2664 3489 4642 8937 
9744 1348 7612 4294 6160 4449 7034 2530 4187 6800 4364 7992 8344 5578 7513 3186 2889 5102 4624 7408 4146 8468 5459 375 6368 714 6150 5410 7861 9783 7643 1219 4373 1427 6428 7394 4474 4819 2157 6859 3221 8385 2262 837 3096 2561 7729 4664 8777 1344 2517 6919 3725 9316 7243 9991 9826 190 3418 3011 4053 3093 5203 4392 7143 2811 563 3351 1582 2539 4323 6816 3381 547 505 6337 1857 294 9525 2236 8742 3692 2673 8787 8322 5323 5797 996 7634 7569 6509 6849 2366 3939 5593 7957 7266 6805 6026 6255 
3828 8224 3632 8019 2361 2386 2600 4995 5547 1353 4743 5946 1428 9400 2069 9072 5894 9002 4721 1230 2325 2451 9557 6727 2052 5963 5369 9629 4501 2101 1156 1028 413 8340 4443 5402 6162 6025 9734 7990 8048 8779 9526 5660 5788 1588 4272 9008 9891 7196 5989 8315 2904 4871 6755 6870 2403 3916 9607 6523 3176 6358 7296 6209 1413 2237 536 8898 8335 1804 1313 8760 1662 7897 8839 2078 9232 9401 443 4582 8268 5825 374 4493 4186 4046 1591 1689 8092 629 4184 6032 4348 2728 1536 2759 4183 7482 7368 3483 
7525 3544 6879 6336 8851 9243 7114 3017 2763 7727 8684 9760 3414 7792 8374 6535 7495 1701 6480 8880 3255 3866 1788 3952 645 4332 109 6440 4996 1354 7910 5199 637 4152 5299 5001 2453 1278 4814 3295 9317 7286 4000 5196 4441 1975 7686 7824 7636 2867 7813 4903 6808 478 2150 3807 471 5380 327 2123 4956 553 7456 5308 4964 7709 9989 9704 1153 1365 2602 2543 178 8824 7873 6027 2831 5436 9162 2901 1007 6680 8666 1199 4730 7362 4586 2766 3823 7123 3124 1803 982 8384 6830 4040 524 1141 7334 9974 
259 6984 225 8557 7658 2767 9703 8621 6660 2807 1482 640 8378 7415 9921 3622 5395 9547 9586 8274 5378 6334 3389 3320 5401 8613 8921 6842 8876 7318 6127 905 5641 9055 3287 6287 6597 5604 852 2634 1690 3448 8986 9787 3161 7597 230 8738 6067 6649 5775 8328 8204 601 9322 6219 4030 5071 1812 5315 6832 5745 8304 1939 2399 9089 6176 9452 9167 3357 2164 2912 2921 1167 180 258 7142 4358 7791 4015 9806 4591 5419 4898 8956 8438 6960 5942 481 5122 5744 7671 4125 7589 7786 7822 6196 5538 9460 7756 
9005 9108 5229 5754 8244 1347 6046 2684 2519 7285 3931 9471 6188 2622 3431 5618 7313 3966 5490 7757 5589 9927 4738 696 507 105 1883 4868 9260 1369 4924 457 9351 4652 933 8573 7799 8525 1084 1062 2729 3074 9434 7698 1994 8483 1795 1045 6878 7502 5428 3727 2747 769 6884 1307 6803 4930 1837 2372 5018 5716 8603 811 3337 9996 5808 7738 4727 4761 880 597 2709 8953 5027 8050 5067 487 348 586 2085 5845 3222 3302 3170 7816 3533 4606 4003 7038 1175 8566 9097 6390 8888 6272 6225 343 9332 576 
383 6094 7661 3225 9758 4825 9658 4329 140 7103 1985 4381 8786 9308 537 3734 9652 2363 3850 3747 6248 3962 9993 1887 8980 2138 9041 6515 9489 9449 2714 8217 1282 4080 5816 1437 1364 9457 9543 8300 8672 4354 1409 7438 6994 9284 3787 4615 9698 8649 1171 9781 2291 8462 9875 8200 4530 5214 877 1268 7499 6874 6449 8743 7735 6313 9732 4647 1663 3810 9039 1718 2509 5614 2 3673 8296 9173 9245 859 6018 7274 6848 7409 5249 8593 3730 4971 7633 626 5843 8754 725 4028 9548 6198 6450 9799 6159 5020 
7093 6731 3951 2635 1794 8399 7745 938 2993 5908 1158 5498 6607 4375 9486 3020 864 8150 6871 1231 8556 3837 3753 1575 4626 1363 4897 6964 3046 8933 7657 5868 5137 2182 4945 179 4710 8890 3815 8667 7584 9763 760 8202 6397 6402 3678 3762 1221 3367 9940 6429 4260 5967 5939 335 8902 4122 1060 9409 5933 3323 9269 7347 70 6658 8914 6432 9529 2834 9132 5667 1543 3149 8211 8450 9432 6322 7297 1015 4748 750 6566 1289 7112 7805 5560 286 662 9790 4970 6407 550 7652 9433 6468 7819 1807 7371 796 
8945 3419 1734 8642 7087 3343 6802 9386 1749 9508 1894 4654 2248 252 6028 2920 1962 4171 1074 1330 35 2317 5828 1257 8711 117 5990 9518 9145 7045 4343 8626 1863 8668 2819 2373 9900 3160 6095 1468 5689 6187 3373 7850 2915 410 60 9513 5228 1064 6743 7214 9223 1301 9825 4208 6721 6785 8763 7852 2170 7209 2692 5778 9621 7766 6819 5905 8004 8370 1556 8449 7269 2881 575 6344 8154 8456 7105 4118 2959 6496 6698 9802 6605 815 4193 4344 475 125 4900 5494 4994 9661 1811 6624 7435 5915 7154 9985 
2020 616 1774 6183 2445 4828 3568 2871 3855 4623 3757 3876 1675 7565 4387 6136 5672 2307 6885 1900 4527 9009 3406 9536 2705 6192 4934 3854 8339 3286 1040 3971 4773 1395 8968 557 8744 6954 8232 128 3495 8780 7033 9104 8162 4341 969 4182 3354 1870 2873 706 9063 4035 6414 2066 1225 4055 1372 8871 2062 2786 4877 1182 6999 8424 7833 7066 9244 2034 5298 7692 4014 8784 9199 8107 9466 3480 5892 2488 7222 6913 6754 546 8199 3924 4962 1444 9847 5890 239 6285 9551 4950 7057 4686 5815 7699 1066 634 
6836 7946 7129 6008 9004 3058 9897 7979 5666 6142 2676 3274 1336 7945 9007 1220 8015 3212 3091 4010 2769 5165 4855 6073 9267 6014 5390 9531 1691 9752 8756 8492 1090 9673 3293 4303 5012 7776 9412 1580 9796 2306 8589 1181 4141 700 8783 1581 5861 9422 1425 1130 2962 3453 4284 8132 9478 3766 2006 4408 2097 6618 9923 3025 9341 8409 6550 3165 7340 31 1984 5488 4665 1741 2642 6277 9893 9163 6070 506 2862 438 7035 6781 9885 9919 8520 8434 7953 3107 3776 6835 9202 7359 4682 1989 7254 8778 2019 6704 
6228 3543 5153 8857 5294 7060 9494 5431 260 5220 1758 5473 1197 1359 5881 1498 8281 4849 7882 2455 8393 9177 5867 1115 9613 8829 583 3094 2016 4709 91 6438 9240 1315 7468 7778 6770 9129 7080 8620 309 4918 6616 9479 5322 1949 7383 9297 918 676 3540 2845 6985 6119 8191 4435 752 2857 6554 7562 2855 952 3777 8349 1449 3391 961 5831 1639 2611 2367 5283 5752 9311 7841 8452 3550 7373 3992 8194 2829 7715 8951 6373 6595 2205 6944 1613 7041 4726 6324 3242 6461 7427 1161 7494 2124 6149 2553 5422 
8110 4167 9197 6857 1755 360 881 3985 352 1713 4057 1071 4770 9735 6015 6696 5331 4644 1716 8942 312 9017 9634 8683 7382 4599 5996 5562 8670 9755 5627 6370 8874 9842 9455 4771 9279 5533 6065 2215 9365 7837 9283 7460 9497 6 8508 6628 9896 1485 1400 307 6644 6422 3783 2258 3324 8022 2310 8190 2337 3347 6184 187 4689 4852 182 6122 9596 1082 6374 3421 2038 8324 5529 7971 6093 9852 9219 1452 4276 4112 9863 4915 8753 6995 1816 5598 9299 6477 9330 4088 6917 87 3262 5127 6011 8636 7613 4060 
2623 5565 1497 7153 6886 3511 5542 9998 2171 9702 6920 7726 9626 5785 6537 4754 1419 9394 6841 5959 8895 9182 298 3375 6532 5087 9337 1538 8924 6823 8536 5458 5288 8338 2991 1746 3327 757 4816 3628 8005 7411 3155 2792 9532 3083 8973 7772 7069 8176 8326 3923 4609 197 9651 1969 7148 7117 6901 8239 5387 4324 4291 8965 2679 4844 8133 253 8504 9505 8446 5732 4843 5980 4476 538 746 9942 8044 9824 2998 9213 3804 9973 7048 9065 4547 8251 8658 4156 2487 6311 3345 6369 7330 2534 950 1978 3926 7564 
8465 8167 5628 9696 766 2286 4610 7627 5865 9688 2432 3518 6909 726 95 9020 1441 9261 3661 8609 1272 8928 7777 7166 8036 2272 627 2268 1516 8171 2751 570 3907 7622 9339 3104 3601 6552 1785 569 1101 8860 819 1922 9343 7899 209 7718 5487 2292 2631 1128 9385 845 8585 5195 306 8656 872 6279 1519 9424 9416 6567 6940 4273 5334 9920 4557 2690 3338 7004 8526 5110 8720 8177 5144 6992 6107 1249 4264 7089 6517 2128 9544 7110 6297 2300 8814 8513 9360 3061 3296 8799 5619 1684 2665 9186 371 6851 
7218 4071 2172 3664 1889 9307 1651 4659 6729 4111 2965 3197 6134 6161 8329 5335 6047 7995 4553 1389 8623 2007 7248 8562 2481 6993 804 3822 3579 6185 7501 2013 9241 7006 2809 6382 8160 2137 3098 2227 5960 9784 8487 6686 6976 5626 5060 2249 7972 4023 3053 6896 7213 6478 912 4759 6044 606 4074 3318 2278 5648 6389 6262 3331 8059 8993 233 1706 6843 7444 8293 174 5952 9876 4135 394 8325 1245 8916 2402 8935 8213 9972 3891 800 1672 8302 266 2963 4540 1340 4729 216 6030 7076 5082 9500 4953 7847 
9388 1142 3059 1243 6148 8693 7210 2154 2376 9207 8985 9205 8418 2002 4110 7007 2112 4222 3329 9155 9894 6170 7678 6156 8896 8826 765 3863 3851 7391 647 373 6423 2082 5453 5452 3993 3401 9712 4401 9431 960 6801 1361 4239 1049 1451 7283 407 5872 2423 8867 4663 3839 1674 8807 3660 9670 8587 4025 2638 869 532 2822 5841 9103 1728 6969 336 4321 4083 9117 3261 6386 5971 7731 8659 3110 7404 9623 3919 8703 1367 1748 1845 2187 3918 1487 892 5054 1443 3663 1773 7352 9832 6415 7447 9393 223 7492 
7959 7174 3853 6310 26 3217 8486 5887 1140 1392 8480 5973 1626 388 3048 4873 9484 4627 7555 520 1232 7219 4293 6973 7519 7785 9141 510 2979 623 9733 3878 2609 7376 4941 9507 9598 6890 5301 9212 5394 3051 1247 6486 5418 8868 4227 6759 2571 2476 7788 7663 2008 2516 8686 4639 2010 7679 4127 3817 9125 1431 8758 25 3400 1290 7071 5961 6168 4537 5514 7090 8333 9995 9597 8317 1722 4735 7842 4695 123 4684 3049 1817 1601 9944 7191 5253 7113 3887 4808 7929 9014 2321 126 8750 9590 3841 3087 442 
9364 2463 5669 5748 5303 4026 687 9960 382 9838 2356 2515 9480 3707 6365 1917 7604 4550 5829 2243 6021 9413 6424 5129 3778 9716 4409 4670 1102 7275 6657 8578 463 929 8897 2206 2723 391 164 6319 9841 8946 1573 836 9275 4374 5545 4430 9632 2770 7168 9798 5899 7793 8273 94 7108 1381 9908 6734 3446 6678 4523 5675 4330 9327 8714 5174 6035 1267 1791 8417 3864 5726 323 6562 753 9264 898 1223 842 7687 7133 8063 1274 68 3285 5359 4960 9609 1881 8271 8629 399 7954 451 1781 9591 2257 695 
7886 8439 8247 5262 8800 1899 5496 4268 4199 3649 3309 9239 8367 6846 6957 2033 9583 1559 104 6471 6430 9948 5275 5200 4081 4949 3106 9061 9229 7904 121 1355 297 9717 4471 4529 255 8819 5895 6670 1349 1146 5406 9705 9166 8757 8143 4494 1055 6079 4499 4217 4745 8062 8404 2951 4593 5336 5652 5912 460 9131 4896 8962 4091 370 2075 8534 3957 529 1983 9679 7618 9701 4419 9402 9022 8203 977 7769 5687 2415 7771 1730 9440 8723 805 8823 5023 9714 831 5661 3012 6226 3648 2347 7264 7156 6051 1331 
9753 9154 2995 9469 2941 9113 2313 5147 129 4205 2582 9952 3987 503 4728 3475 1114 5483 7130 2493 6737 1001 7319 4243 358 3191 8901 783 263 1150 7370 6529 680 5080 8976 636 321 2626 9387 3669 3729 5042 2348 589 7354 5128 1480 3659 3690 7445 7963 1676 3443 1280 2378 5922 9563 4646 3392 743 7431 6730 4578 9210 5286 1959 3503 3697 2155 4521 7493 1404 8353 1496 5146 7949 7144 3135 9771 5021 4310 9742 1980 9126 4508 1548 545 9956 5842 4437 6979 5746 2532 3158 1123 3163 4890 4073 3131 9278 
9286 6744 2275 5148 8067 9252 1906 678 6281 9398 9161 6584 4473 3196 6036 2826 4697 2774 3438 7247 5883 4597 2166 6484 9869 4090 9443 8511 7486 2653 3173 1109 7705 8811 566 8278 8056 1537 3306 8358 7119 539 5047 2760 7310 2934 4671 317 4762 3625 949 5382 2231 3144 6592 7043 3740 4886 5540 2735 9135 6274 8646 3372 2618 9754 8402 9291 8725 7571 9429 846 6903 8229 2018 3832 1948 6601 6141 2129 1763 7818 2102 3486 8708 8611 731 4944 3494 6146 9965 9768 4564 5903 9298 6138 7477 2645 2780 9450 
9637 9913 6840 2860 1271 5832 1787 3610 7750 1945 5876 8068 7527 1345 8093 5276 8941 2315 9769 3689 9091 7230 5639 7098 5782 7107 3067 3718 4166 9446 6406 8781 2587 4044 2289 6642 2087 8922 2749 7974 657 1352 707 600 4109 9215 5507 6634 1311 3797 3226 6082 9033 8357 6441 5478 1714 3001 8894 7121 8734 3416 9456 1677 5914 5187 6856 7122 3702 3065 8128 9675 3647 1678 6799 9692 7984 1342 2053 4337 461 7855 5581 5002 5079 6206 1630 4027 5759 708 3263 3227 8282 4450 7561 3057 755 6899 4078 1602 
653 2047 8161 994 3646 1520 8818 6367 9542 1316 895 8085 5248 2135 8540 4784 8466 4858 817 2328 9224 2738 9938 9164 7011 5767 9482 3408 3925 6060 4700 7126 9925 3974 9120 3578 1076 1448 785 9372 9211 7461 346 9362 8845 8849 8407 4334 9963 7457 7889 8793 5448 7901 2707 1478 7211 5916 6305 6383 7891 6579 5342 1387 8647 224 747 5049 2746 8531 2080 9333 6472 6591 1292 3717 8454 151 5046 4172 2900 332 2169 562 8644 8722 1446 2726 9567 74 1097 8841 7803 9615 1029 5935 148 2750 6632 3612 
2968 2046 7615 1429 8954 4922 5795 495 9955 4846 3122 6054 3948 9707 8497 6780 6328 2899 9148 4712 1379 3228 9510 6216 3960 4306 8732 7693 8461 7306 8516 2878 4677 8156 4740 5237 5673 7265 9288 9592 2041 5192 5166 6024 2607 3465 3213 3333 1422 8381 7986 261 4891 24 3129 6118 3621 4793 5126 2250 3824 7458 4739 9501 1515 7013 2458 9503 6460 5571 5586 7912 2089 4707 7940 6293 8420 2498 1594 8123 2255 3983 3430 5117 9975 1608 3207 1436 1151 2620 439 8927 9537 1976 5172 6412 5092 3693 824 3181 
5697 5608 7374 6881 4290 5919 4879 1096 218 9958 3595 1891 5522 2844 7640 4307 4235 1797 7670 273 3742 737 6498 7668 6998 5499 6222 4414 2605 349 9730 4674 1505 9619 6538 4328 6929 8223 888 2295 3127 7088 5213 7245 289 2335 2839 2890 8833 9417 860 4617 981 3897 4189 8648 1567 5613 9571 3300 2695 8057 4524 181 3756 2551 1179 8731 7985 5781 4734 2161 4815 847 5120 5722 9378 7389 6740 900 9860 4485 9015 1944 4822 9924 9636 2115 2525 2802 3119 1851 4240 9736 4990 8955 9064 844 1298 4124 
7885 3362 2711 8906 8905 7797 8961 4174 3040 8869 7289 3379 1589 5873 5830 9691 7895 1513 3551 3638 8887 9368 9000 6706 6462 6891 839 7009 7257 8082 3652 4556 3856 798 8713 2779 3927 4049 3428 8543 2114 8364 7239 8270 5032 3593 9018 3973 5920 9859 2544 3141 9837 1715 7128 698 1541 8489 1259 4820 2980 3764 2073 1360 7356 9310 5189 4835 2849 4513 1545 4104 7068 5132 9690 8788 5360 3898 1507 9359 7845 1393 5558 5176 6223 9527 8032 7862 4795 4480 8172 2240 7512 8422 1786 8012 7017 3230 604 3052 
5134 8189 7001 6158 1050 155 1044 9912 1207 5081 2283 3526 4888 157 1569 4598 5693 9770 9352 2803 9318 3003 4018 3998 368 3641 2305 5791 7179 7982 6983 5802 3223 6464 8830 2380 9314 3468 9978 6500 9953 7507 4249 4342 4887 5233 3322 8761 7711 8689 2511 3013 6514 1192 8238 5705 265 313 3008 8445 3395 3115 9814 1077 4066 2870 2177 9019 1100 1756 7032 8572 1761 3080 1882 4574 6864 1827 5820 2434 2895 8101 7335 1669 4495 3030 227 6741 7749 9176 8764 1719 1990 8025 703 6052 9848 808 8810 165 
4601 1587 1139 8265 2026 9153 6300 3326 4289 2958 5362 119 106 8130 7261 9961 7260 8460 319 7220 198 7965 4475 8055 689 8458 1577 6967 7384 7256 4613 3934 1610 2184 6034 3481 3505 6603 8574 7508 1291 3506 170 7536 5874 9123 9864 9404 3653 7758 6546 4548 3193 1350 631 47 7642 6029 1685 6106 6194 2204 5573 7826 6665 2842 8696 3738 4592 1888 9138 7344 3027 6837 8027 3573 3608 7322 2670 334 3374 2396 6133 7960 5332 1698 4114 9099 2883 4706 6947 9447 8272 6693 756 8943 9344 9967 5574 